   -0.8660   -0.9224   -0.9311
   -0.7906   -0.8806   -0.8975
   -0.7484   -0.8565   -0.8796
   -0.5403   -0.7270   -0.7990
   -0.1636   -0.4264   -0.6710
   -0.2278   -0.3694   -0.4700
   -0.0762   -0.7269   -0.2004
    0.6132   -0.7595   -0.0275
    0.8073   -0.6635   -0.1609
    0.4322    0.3182    0.2897
    0.5399    0.3996    0.3603
    0.5867    0.4362    0.3912
    0.7324    0.5625    0.4961
    0.7417    0.6007    0.5961
    0.3128    0.1321    0.6577
    0.8231    0.2409    0.5888
    0.5925    0.4681    0.2968
   -0.1701    0.6739   -0.0045
    0.0437    0.0372    0.0409
    0.0735    0.0650    0.0639
    0.0917    0.0827    0.0766
    0.1965    0.1951    0.1369
    0.4587    0.5016    0.2401
    0.3562    0.4460    0.4128
   -0.1458   -0.1347    0.6549
    0.0033   -0.2459    0.8048
    0.1341   -0.0208    0.6404
    0.0864    0.0830    0.1078
    0.1118    0.1114    0.1369
    0.1235    0.1255    0.1501
    0.1597    0.1760    0.1965
    0.0973    0.1080    0.2394
   -0.5965   -0.5811    0.2466
   -0.2311   -0.4778    0.1256
   -0.0237   -0.1383   -0.2251
   -0.0816   -0.0386   -0.6026
   -0.9298   -0.9187   -0.9410
   -0.8921   -0.8678   -0.9117
   -0.8704   -0.8368   -0.8958
   -0.7510   -0.6555   -0.8232
   -0.4373   -0.2064   -0.7040
   -0.2167   -0.1851   -0.5092
   -0.8654   -0.5852   -0.2334
   -0.8601    0.2034   -0.0321
   -0.7523    0.2467   -0.1372
    0.2958    0.3258    0.2637
    0.3730    0.4198    0.3297
    0.4083    0.4640    0.3590
    0.5371    0.6240    0.4601
    0.6247    0.6497    0.5608
   -0.0736   -0.0491    0.6303
    0.0993    0.3399    0.5763
    0.4044    0.5950    0.2887
    0.5743   -0.6600   -0.0416

