-0.4615
   -0.2069
   -0.1366
   -0.2735
   -0.6930
   -0.7698
   -0.2742
   -0.3502
   -0.4577
    0.5147
    0.3852
    0.2662
   -0.1514
   -0.1337
    0.3551
    0.3102
    0.0728
    0.0664
    0.5561
    0.8089
    0.8698
    0.6584
    0.1702
    0.1663
    0.6899
    0.4048
    0.1094
    0.3183
    0.1134
   -0.0416
   -0.5528
   -0.5473
   -0.0563
   -0.3805
   -0.7667
   -0.8196
   -0.3431
   -0.0594
    0.0075
   -0.2151
   -0.6720
   -0.4417
    0.2141
   -0.1522
   -0.3858
    0.5857
    0.4124
    0.2679
   -0.1731
   -0.0044
    0.6329
    0.1157
   -0.2324
   -0.1374
