-0.8084
   -0.6873
   -0.6136
   -0.2056
   -0.4809
   -0.6918
   -0.4750
   -0.1854
    0.1384
    0.4971
    0.6090
    0.6511
    0.6157
    0.0635
    0.5335
    0.7993
    0.9134
    0.9042
    0.1009
    0.1809
    0.2344
    0.5827
    0.3118
   -0.0730
   -0.0476
    0.0309
    0.1266
    0.1566
    0.1981
    0.2130
    0.1133
   -0.5897
   -0.2771
   -0.0884
   -0.0060
    0.0137
   -0.8673
   -0.7783
   -0.7204
   -0.3379
   -0.4713
   -0.8607
   -0.8310
   -0.7353
   -0.6150
    0.3925
    0.4927
    0.5353
    0.5535
   -0.1075
    0.2035
    0.4536
    0.6106
    0.7207
